,clean_label,noise_label
0,66,21
1,23,23
2,40,40
3,39,60
4,7,6
5,15,15
6,11,11
7,44,44
8,76,76
9,50,64
